Paper_Rex 1 0
F0rsakeN 4 29 13 10 0.000000 0.000000 0.000000 1
Jinggg 7 7 0 8 0.000000 0.000000 0.000000 1
D4v41 10 27 3 10 0.000000 0.000000 0.000000 1
Something 11 26 11 5 0.000000 0.000000 0.000000 1
Invy 14 8 14 0 0.000000 0.000000 0.000000 1
G2 0 1
Leaf 4 16 8 8 0.000000 0.000000 0.000000 1
Valyn 5 10 6 0 0.000000 0.000000 0.000000 1
Trent 6 4 2 6 0.000000 0.000000 0.000000 1
Jawgemo 10 27 11 10 0.000000 0.000000 0.000000 1
Babybay 9 9 6 6 0.000000 0.000000 0.000000 1
NRG 1 0
Ethan 4 29 1 6 0.000000 0.000000 0.000000 1
Mada 7 32 14 6 0.000000 0.000000 0.000000 1
Brawk 13 30 13 3 0.000000 0.000000 0.000000 1
Skuba 6 4 12 10 0.000000 0.000000 0.000000 1
Keiko 5 16 13 5 0.000000 0.000000 0.000000 1
Team_Liquid 0 1
NAts 4 18 3 1 0.000000 0.000000 0.000000 1
Kamo 5 30 3 4 0.000000 0.000000 0.000000 1
Purp0 6 27 12 2 0.000000 0.000000 0.000000 1
Wayne 7 5 11 2 0.000000 0.000000 0.000000 1
MiniBoo 8 6 0 10 0.000000 0.000000 0.000000 1
